100 100
0000000000000000000000000000000000000000000000000000000000000011111111111111111111111110033333333333
0000000000000000000000000000000000000000000000000000000000000011111111111111111111111110033333333333
0000000000000000000000000000000000000000000000000000000000000011111111111111111111111110033333333333
0000000000000000000000000000000000000000000000000000000000000011111111111111111111111110033333333333
0000000000000000000000000000000000000000000000000000000000000011111111111111111111111110033333333333
0000000000000000000000000000000000000000000000000000000000000011111111111111111111111110033333333333
0000000000000000000000000000000000000000000000000000000000000011111111111111111111111110033333333333
0000000000000000000000000000000000000000000000000000000000000011111111111111111111111110033333333333
0000000000000000000000000000000000000000000000000000000000000011111111111111111111111110033333333333
0000000000000000000000000000000000111111111111111100000000000011111111111111111111111110033333333333
0000000000000000000000000000000000111111111111111100000000000011111111111111111111111110011100000000
0000000000000000000000000000000000111111111111111100000000000011111111111111111111111110011100000000
0000000000000000000000000000000000111111111111111100000000000011111111111111111111111110011100000000
0000000000000000000000000000000000111111111111111100000000000011111111111111111111111110011100000000
0000000000000000000000000000000000111111111111111100000000000011111111111111111111111110011100000000
0000000000000000000000000000000000111111111111111100000000000011111111111111111111111110011100000000
0000000000000000000000000000000000111111111111111100000000000011111111111111111111111110011100000000
0000000000000000000000000000000000111111111111111100000000000011111111111111111111111110011100000000
0000000000000000000000000000000000111111111111111100000000000011111111111111111111111110011100000000
0000000000000000000000000000000000111111111111111100000000000011111111111111111111111110011100000000
0000000000000000000000000000000000111111111111111100000000000011111111111111111111111110000000000000
0000000000000000000000000000000000111111111111111100000000000011111111111111111111111110000000000000
0000000000000000000000000000000000111111111111111100000000000011111111111111111111111110000000000000
0000000000000000000000000000000000111111111111111100000000000011111111111111111111111110000000000000
0000000000000000000000000000000000111111111111111100000000000011111111111111111111111110000000000000
0000000000000000000000000000000000111111111111111100000000000011111111111111111111111110000000000000
0000000000000000000000000000000000111111111111111100000000000011111111111111111111111110000000000000
0000000000000000000000000000000000111111111111111100000000000011111111111111111111111110000000000000
0000000000000000000000000000000000111111111111111100000000000011111111111111111111111110000000000000
0000000000000000000000000000000000111111111111111100000000000011111111111111111111111110000000000000
0000000000000000000000000000000000111111111111111100000000000011111111111111111111111110000000000000
0000000000000000000000000000000000111111111111111100000000000011111111111111111111111110000000000000
0000000000000000000000000000000000000000000000000000000000000011111111111111111111111110000000000000
0000000000000000000000000000000000000000000000000000000000000011111111111111111111111110000000000000
0000000000000000000000000000000000000000000000000000000000000011111111111111111111111110000000000000
0000000000000011111111111111111111100000000000000000000000000011111111111111111111111110000000000000
0000000000000011111111111111111111100000000000000000000000000011111111111111111111111110000000000000
0000000000000011111111111111111111100000000000000000000000000011111111111111111111111110000000000000
0000000000000011111111111111111111100000000000000000000000000000000000000000000000000000000000000000
0000000000000011111111111111111111100000000000000000001111111111111111111111111111111000000000000000
0000000000000011111111111111111111100000000000000000001111111111111111111111111111111000000000000000
0000000000000011111111111111111111100000000000000000001111111111111111111111111111111000000000000000
0000000000000011111111111111111111100000000000000000001111111111111111111111111111111000000000000000
0000000000000011111111111111111111100000000000000000001111111111111111111111111111111000000000000000
0000000000000011111111111111111111100000000000000000001111111111111111111111111111111000000001111100
0000000000000011111111111111111111100000000000000000001111111111111111111111111111111000000001111100
0000000000000011111111111111111111100000000000000000001111111111111111111111111111111000000001111100
0000000000000011111111111111111111100000000000000000001111111111111111111111111111111000000001111100
0000000000000000000000000000000000000000000000000000001111111111111111111111111111111000000001111100
0000000000000000000000000000000000000000000000000000001111111111111111111111111111111000000001111100
0000000000000000000000000000000000000000000000000000001111111111111111111111111111111000000000000000
0000000000000000000000000000000000000000000000000000001111111111111111111111111111111000000000000000
0000000000000000000000000000000000000000000000000000001111111111111111111111111111111000000000000000
0000000000000000000000000000000000000000000000000000001111111111111111111111111111111000000000000000
0000000000000000000000000000000000000000000000000000001111111111111111111111111111111000000000000000
0000000000000000000000000022200000000000000000000000001111111111111111111111111111111000000000000000
0000000000000000000000000022200000000000000000000000001111111111111111111111111111111000000000000000
0000000000000000000000000022200000000000000000000000001111111111111111111111111111111000000000000000
0000000000000000000000000000000000000000000000000000001111111111111111111111111111111000000000000000
0000000000000000000000000000000000000000000000000000001111111111111111111111111111111111111100000000
0000000000000000000000000000000000000000000000000000000000000000000000000000000000000111111100000000
0000000000000000000000000000000000000000000000000000000000000000000000000000000000000111111100000000
0000000000000000000000000000000000000000000000000000000000000000000000000000000000000111111100000000
0000000000000000000000000000000000011111111111111111111111111111100000000000000000000111111100000000
0000000000000000000000000000000000011111111111111111111111111111100000000000000000000111111100000000
0000000000000000000000000000000000011111111111111111111111111111100000000000000000000111111100000000
0000000000000000000000000000000000011111111111111111111111111111100000000000000000000111111100000000
0000000000000000000000000000000000011111111111111111111111111111100000000000000000000111111100000000
0000000000000000000000000000000000011111111111111111111111111111100000000000000000000111111100000000
0000000000000000000000000000000000011111111111111111111111111111100000000000000000000111111100000000
0000000000000000000000000000000000011111111111111111111111111111100000000000000000000111111100000000
0000000000000000000000000000000000011111111111111111111111111111100000000000000000000111111100000000
0000000000000000000000000000000000011111111111111111111111111111100000000000000000000111111100000000
0000000000000000000000000000000000011111111111111111111111111111100000000000000000000111111100000000
0000000000000000000000000000000000011111111111111111111111111111100000000000000000000111111100000000
0000000000000000000000000000000000011111111111111111111111111111100000000000000000000111111100000000
0000000000000000000000000000000000011111111111111111111111111111100000000000000000000111111100000000
0000000000000000000000000000000000011111111111111111111111111111100000000000000000000111111100000000
0000000000000000000000000000000000011111111111111111111111111111100000000000000000000111111100000000
0000000000000000000000000000000000011111111111111111111111111111100000000000000000000111111100000000
0000000000000000000000000000000000011111111111111111111111111111100000000000000000000111111100000000
0000000000000000000000000000000000011111111111111111111111111111100000000000000000000111111100000000
0000000000000000000000000000000000011111111111111111111111111111100000000000000000000111111100000000
0000000000000000000000000000000000000000000000000000000000000000000000000000000000000000000000000000
0000000000000000000000000000000000000000000000000000000000000000000000000000000000000000000000000000
0000000000000000000000000000000000000000000000000000000000000000000000000000000000000000000000000000
0000000000000000000000000000000000000000000000000000000000000000000000000000000000000000000000000000
0000000000000000000000000000000000000000000000000000000000000000000000000000000000000000000000000000
0000000000000000000000000000000000000000000000000000000000000000000000000000000000000000000000000000
0000000000000000000000000000000000000000000000000000000000000000000000000000000000000000000000000000
0000000000000000000000000000000000000000000000000000000000000000000000000000000000000000000000000000
0000000000000000000000000000000000000000000000000000000000000000000000000000000000000000000000000000
0000000000000000000000000000000000000000000000000000000000000000000000000000000000000000000000000000
0000000000000000000000000000000000000000000000000000000000000000000000000000000000000000000000000000
0000000000000000000000000000000000000000000000000000000000000000000000000000000000000000000000000000
0000000000000000000000000000000000000000000000000000000000000000000000000000000000000000000000000000
0000000000000000000000000000000000000000000000000000000000000000000000000000000000000000000000000000
0000000000000000000000000000000000000000000000000000000000000000000000000000000000000000000000000000
0000000000000000000000000000000000000000000000000000000000000000000000000000000000000000000000000000
0000000000000000000000000000000000000000000000000000000000000000000000000000000000000000000000000000
