20 17
0 0 0 0 0 0 0 0 0 0 0 0 0 0 0 0 0 
0 0 0 0 0 0 0 0 0 0 0 0 0 0 0 0 0 
0 0 0 0 0 0 0 0 0 0 0 0 0 0 0 0 0 
0 0 0 0 0 0 0 0 0 0 0 0 0 0 0 0 0 
0 0 0 0 0 0 0 0 0 0 0 0 0 0 0 0 0 
0 0 0 0 0  150 0 0 0 0 0 0 0 0 0 50 0 
0 0 0 0 0 0 0 0 0 0 0 0 0 0 0 0 0 
0 0 0 0 0 0 0 0 0 0 0 0 0 0 0 0 0 
0 0 0 0 0 0 0 0 0 0 0 0 0 0 0 0 0 
0 0 0 0 0 0 0 0 0 0 0 0 0 0 0 0 0 
0 0 0 0 0 0 0 0 0 0 0 0 0 0 0 0 0 
0 0 0 0 0 0 0 0 0 0 0 0 0 0 0 0 0 
255 255 0 0 0 0 0 0 0 0 0 0 0 0 0 0 0 
255 255 0 0 0 0 0 0 0 0 0 0 0 0 0 0 0 
255 255 0 0 0 0 0 0 0 0 0 0 0 0 0 0 0 
255 255 0 0 0 200 0 0 0 0 0 0 0 0 0 100 0 
255 255 0 0 0 0 0 0 0 0 0 0 0 0 0 0 0 
255 255 0 0 0 0 0 0 0 0 0 0 0 0 0 0 0 
255 255 0 0 0 0 0 0 0 0 0 0 0 0 0 0 0 
0 0 0 0 0 0 0 0 0 0 0 0 0 0 0 0 0 
